




13905208213 13955017003 13900665859 13957155977 13964629148 13986677088 13956529561 13932221818 13919466051 13938498806
13973904589 13979895493 13979664498 13944225384 13936601740 13910076062 13919306028 13932385069 13969570242 13911195900
13973120155 13990419114 13900429078 13931100191 13937941849 13975508207 13967374617 13990077459 13924687063 13911234863
13953292632 13987975592 13958267441 13942745062 13969911784 13949504575 13971076392 13963801403 13945020939 13900400380
13911495835 13927963408 13925382751 13965400706 13975441334 13997895335 13944189789 13938336217 13929097221 13911997903
13960132053 13934346163 13984525194 13968490595 13936396988 13982178587 13903844268 13965702395 13907650768 13999617883
13992626691 13928988918 13958491305 13940853117 13947409107 13970688914 13994398946 13990012228 13921578930 13947205683
13962414710 13954975651 13989785154 13949776169 13958658325 13913885542 13974884372 13943256066 13958072389 13948243372
13945250687 13901289305 13973258033 13972302545 13980901308 13977921968 13962211019 13971337829 13956234485 13902418329
13939504951 13927848337 13922875570 13935616590 13992869350 13964640139 13912581627 13917576004 13912034219 13936160626
13911767949 13904604140 13997920807 13913532287 13985362295 13975342378 13953292632 13987975592 13958267441 13942745062
13917851756 13954464043 13973120155 13990419114 13900429078 13931100191 13937941849 13975508207 13967374617 13990077459
13947850831 13997928387 13966636242 13957811005 13934820534 13971658342 13951760449 13983829612 13969792667 13950430984
13914694134 13952711496 13968200455 13984041166 13993181058 13983588100 13963676580 13981637199 13945250687 13901289305
13953457682 13997630210 13989318474 13905800865 13997014037 13982883346 13943307192 13974554460 13904021456 13993089148
13975441334 13997895335 13944189789 13938336217 13929097221 13911997903 13929890822 13941627355 13904904428 13918668088
13957660240 13900193836 13986785643 13916322676 13938100287 13971146856 13926475972 13900085662 13952178328 13959521100
13950430984 13926236445 13905658756 13923864394 13986302873 13934934093 13915849266 13915705221 13962309834 13997527033
13902477441 13971789563 13954947970 13919506213 13924698367 13975471368 13989429911 13958711072 13960323796 13930518651
13919633280 13907717778 13966191320 13935262406 13944208614 13963556021 13970436662 13992941771 13978018352 13907763917
