13938073366
13925925755
13979021640
13916210699
13934454023
13914917458
13994682841
13910901701
13901313780
13999705002
13900290930
13907295046
13987974564
13955657080
13915526119
13976766845
13911031196
13902143588
13903429168
13993588985
13991158542
13953720389
13970341898
13932402856
13941961175
13978975595
13996925328
13917851756
13954464043
13973120155
13990419114
13900429078
13931100191
13937941849
13975508207
13967374617
13990077459
13924687063
13911234863
13995535016
13921923434
13911572112
13914967064
13993022229
13964768725
13973440779
13921734528
13992333161
13970508050
13923348101
13989400948
13954967660
13904594504
13976256089
13956025785
13939504951
13927848337
13922875570
13935616590
13992869350
13964640139
13912581627
13917576004
13912034219
13936160626
13911406665
13917265094
13969596195
13997094938
13919907305
13965542089
13946948903
13926932391
13902659480
13955380151
13992010153
13986587445
13905614576
13910387752
13931470997
13998537072
13946683929
13959157357
13904924863
13984715536
13969064096
13978410364
13910978144
13944965191
13968708201
13994913038
13910793247
13954424886
13949532855
13978828395
13996624957
13955473149
13903949038
13903833463
13919364975
13984385447
13907639283
13997616838
13929478631
13962090513
13957638267
13987641063
13972723588
13915092609
13969261633
13992693067
13916111741
13926232938
13984214843
13922826806
13905208213
13955017003
13900665859
13957155977
13964629148
13986677088
13956529561
13932221818
13919466051
13938498806
13968683678
13963769562
13936108948
13913238207
13976795451
13962382768
13940679807
13921041183
13959309847
13920774710
13939746182
13936777611
13994724047
13910819072
13901115610
13996972689
13905402759
13978810360
13970499550
13965866946
13994393486
13922523991
13986062483
13922803497
13936826369
13981830728
13975787409
13942579299
13917368578
13916847237
13919413037
13988490106
13992207029
13914066526
13914719364
13906969280
13940596358
13955329268
13970836137
13955343589
13957660240
13900193836
13986785643
13916322676
13938100287
13971146856
13926475972
13900085662
13952178328
13959521100
13949122447
13957635397
13944105734
13996583275
13919311546
13921470597
13966484434
13956784208
13905422423
13953457682
13997630210
13989318474
13905800865
13997014037
13982883346
13943307192
13974554460
13904021456
13993089148
13939574755
13923429810
13984753974
13998616196
13930414615
13965408106
13971118666
13941273756
13997505914
13957058745
13934943140
13986151525
13925947852
13925223689
13900244951
13959613817
13984239156
13967950428
13929944690
13982389095
13904271275
13953909359
13919761769
13908158826
13949190091
13937954631
13901687201
13926440744
13911875870
13959654570
13938629043
13905834912
13942243522
13958871977
13918774210
13984816976
13916236705
13954095878
13903268283
13988546338
13998343039
13904828415
13963094505
13936631751
13938270817
13927420246
13934237052
13913281427
13918879706
13978868759
13973194956
13978250047
13997372830
13906769943
13914818623
13980323648
13949402347
13949612420
13977055313
13983957086
13963334670
13941173886
13978847977
13986335827
13955487088
13906330587
13997900919
13969396992
13974972877
13923876406
13987166504
13970915893
13971538217
13986094474
13942030865
13925179832
13980425100
13931380436
13994718611
13949065110
13941990888
13982356368
13983748219
13998588883
13961278819
13988364367
13963806661
13920298643
13984402618
13938806392
13983876633
13903392656
13902584365
13909172162
13959645350
13998267392
13907555430
13992540429
13989356421
13991947933
13958908568
13995539102
13930824756
13982025813
13934141406
13977971294
13905415049
13918250986
13942975047
13967617345
13925792526
13950408490
13905565293
13954080447
13993078159
13904416812
13982222775
13990687440
13993881301
13963716110
13900930875
13937051051
13951537257
13977914336
13995207499
13934442692
13963312239
13923411684
13928940942
13918299621
13920233911
13931855861
13946498704
13961114594
13937274345
13946200908
13944962231
13985916061
13981450897
13964259260
13953061852
13940924181
13977839533
13957416570
13997213760
13911767949
13904604140
13997920807
13913532287
13985362295
13975342378
13953292632
13987975592
13958267441
13942745062
13969911784
13949504575
13971076392
13963801403
13945020939
13900400380
13920248803
13962963151
13954801456
13952916022
13905244131
13919915205
13941408588
13921012698
13968289500
13966974592
13952349781
13941604938
13921967015
13976673073
13908232910
13923797671
13962414710
13954975651
13989785154
13949776169
13958658325
13913885542
13974884372
13943256066
13958072389
13948243372
13990731263
13912304347
13952693118
13988729176
13975341153
13967027296
13912054172
13998801207
13972419280
13945421101
13962173474
13963157017
13925688059
13941196735
13986168569
13938413092
13903945011
13918850336
13916207325
13943249342
13928945266
13946679661
13975725299
13941760427
13906445799
13980197500
13909264094
13910053468
13997215399
13952627242
13943104890
13972215784
13999666552
13905549114
13996223634
13979554978
13908341985
13935094923
13986784397
13941941997
13990741800
13955320634
13972564069
13985285686
13978146067
13928774808
13968806524
13923816319
13967721915
13911840717
13935843265
13905874465
13956829604
13917480212
13959300599
13948893816
13972932058
13993934486
13966670099
13984415752
13937434657
13948133531
13934985766
13995461881
13909196546
13929034981
13995690503
13983804668
13994861555
13961616900
13928637766
13967733234
13972969845
13970664188
13976258018
13968402741
13983115013
13918942787
13959049073
13906603849
13920262890
13998974312
13971282891
13924625705
13957293063
13926824637
13968506303
13902500000
13960003636
13975159935
13919633280
13907717778
13966191320
13935262406
13944208614
13963556021
13970436662
13992941771
13978018352
13907763917
13975034359
13936546799
13902729787
13917530488
13900707361
13918207282
13926500963
13938749365
13984569141
13957127824
13925849023
13916454211
13967639471
13961063876
13946293027
13914321175
13941768145
13967001241
13997417006
13999978640
13944183775
13963960083
13927299561
13972368422
13982508807
13932009537
13906491265
13949016114
13962413517
13997080684
13977772891
13951572319
13966854245
13905390115
13955745920
13925338409
13984846334
13970603668
13920596914
13904741964
13955660309
13963289337
13912428587
13949842256
13975852009
13934316366
13912855538
13957172822
13923850242
13982490865
13978801531
13917189637
13903031327
13947850831
13997928387
13966636242
13957811005
13934820534
13971658342
13951760449
13983829612
13969792667
13950430984
13926236445
13905658756
13923864394
13986302873
13934934093
13915849266
13915705221
13962309834
13997527033
13914655906
13943351594
13987139528
13950798147
13954852512
13993374652
13946606966
13902757730
13986917627
13987745747
13973148430
13933308439
13992453627
13980187931
13957563931
13953741647
13973904589
13979895493
13979664498
13944225384
13936601740
13910076062
13919306028
13932385069
13969570242
13911195900
13931668181
13937212318
13939329925
13907390615
13901241718
13916723739
13929190304
13964496802
13914694134
13952711496
13968200455
13984041166
13993181058
13983588100
13963676580
13981637199
13945250687
13901289305
13973258033
13972302545
13980901308
13977921968
13962211019
13971337829
13956234485
13902418329
13984190248
13926529413
13962879635
13914912227
13924595728
13980630035
13913199011
13968290597
13995752459
13969992082
13915607862
13935750206
13981940282
13958839617
13936228850
13994417752
13944202725
13977049655
13977730669
13999685583
13945418841
13999989151
13988103845
13989751056
13944583982
13978685785
13913504538
13907842201
13997013958
13992626691
13928988918
13958491305
13940853117
13947409107
13970688914
13994398946
13990012228
13921578930
13947205683
13977731914
13969154647
13983933532
13944172143
13917664406
13903500563
13988356819
13993165802
13973804829
13980989639
13962843424
13967458982
13964275617
13959567209
13944338354
13993039654
13922986801
13993415203
13958651527
13980759108
13947724139
13935305261
13934375670
13910536292
13911495835
13927963408
13925382751
13965400706
13975441334
13997895335
13944189789
13938336217
13929097221
13911997903
13929890822
13941627355
13904904428
13918668088
13950342379
13936030793
13906417652
13922545803
13970179568
13978545188
13931317180
13954977729
13996103948
13957294222
13902283911
13955409826
13937716282
13977829512
13914725047
13952480407
13955846844
13954162859
13920442065
13941656376
13969989733
13965138417
13992878648
13950389016
13943359659
13986946513
13909661029
13904358316
13994461143
13936689433
13917354021
13985432959
13931288939
13906379510
13949501374
13905896149
13933432884
13981046887
13938119527
13900994039
13996907393
13997148726
13988905907
13955240868
13988230036
13978223440
13921518212
13972240354
13948168984
13972877570
13986906924
13967978378
13934330148
13938447626
13966789457
13941458715
13962870054
13984515000
13965726868
13920908383
13947937935
13905125894
13999383227
13943864759
13913072775
13952068178
13909809837
13930712761
13958198116
13985098156
13993107691
13924009220
13975739212
13905119944
13978133416
13969100476
13919400227
13940606054
13941871258
13903699274
13979316229
13926328617
13919849357
13993925163
13924208063
13983695913
13920825065
13997412063
13986325025
13937139661
13969433250
13914846901
13988797747
13958713249
13902007080
13926158163
13974639737
13916739030
13961832203
13992849602
13903081050
13989741972
13976611725
13916385295
13951899943
13904171366
13918960334
13983202605
13951515776
13984908956
13983353302
13940170945
13947989516
13927070125
13941955008
13952347213
13910528061
13975769295
13952442660
13953496927
13932357364
13971140337
13942364089
13984053822
13988342149
13972847238
13962135273
13912116306
13934254784
13987909104
13921674390
13960042509
13936002681
13998474781
13951412371
13984227680
13970637762
13974119464
13922478839
13920721023
13952939304
13977375243
13914920998
13925267750
13974933701
13978754834
13992641073
13915474833
13969701829
13980182986
13917146286
13934575987
13934439948
13902397559
13982114552
13924632016
13945119805
13969591622
13927304503
13921789488
13938722485
13910026021
13990633037
13901370221
13990657100
13942555529
13935050965
13915677688
13950782707
13988645781
13920298950
13946801069
13928771215
13940485230
13995742755
13971230208
13930860318
13928530784
13972985012
13993767121
13908712575
13990426192
13971551098
13931197198
13906761376
13955557925
13915798217
13944188019
13997737827
13987280979
13934539093
13952741086
13960521925
13970436811
13927645592
13967502300
13984213410
13990583411
13986722463
13963311461
13925597043
13981265854
13946519876
13994381582
13996571428
13980631679
13949317770
13965323500
13998194903
13951355801
13925561782
13965900795
13900196750
13929742908
13952646969
13991766609
13915213781
13936964372
13931402758
13931462308
13981104805
13973365842
13977157691
13985447570
13924939341
13904517688
13914138503
13995717889
13902499609
13986792393
13990414751
13978082810
13953442218
13904799824
13930523467
13952270067
13937869319
13971293667
13947967997
13983486357
13951043347
13900075679
13947604024
13953234308
13967904057
13988518059
13975477050
13960132053
13934346163
13984525194
13968490595
13936396988
13982178587
13903844268
13965702395
13907650768
13999617883
13999101418
13989561817
13910017108
13946282207
13979668834
13912457715
13979259663
13925465592
13946146378
13902477441
13971789563
13954947970
13919506213
13924698367
13975471368
13989429911
13958711072
13960323796
13930518651
13992192667
13961160693
13940866829
13902894777
13926338680
13943025966
13920972967
13992994597
13935337078
13966226357
13953581655
13940947925
13992501346
13967251535
13921675557
13909826947
13948303366
13903174137
13904308625
13918669699
13987362964
13925741920
13920786563
13916979345
13932453345
13903299505
13958089419
13956846420
13951758921
13955546206
13989594948
13962422063
13926319798
13981593875
13917527775
13915859533
13934885895
13904853192
13967562181
13974528613
13974933843
13967708643
